5
0 0 -8.039888803813373
0 1 -4.22766525596205
0 2 -4.1190833412355055
0 3 -1.5635812051938007
0 4 7.954310749499047
1 0 -7.414284622613872
1 1 -0.39101500615834084
1 2 9.491004040419007
1 3 0.45991413221577027
1 4 9.674005238023263
2 0 2.6906880063193874
2 1 7.414617007646594
2 2 -0.648302549271067
2 3 0.3739857808159428
2 4 -9.24795017620677
3 0 -1.6156103830350705
3 1 -5.232237476183464
3 2 8.498655646215823
3 3 3.18799696232362
3 4 0.7854126815349396
4 0 -9.915008283048811
4 1 -3.331742793950589
4 2 -5.905371144572946
4 3 -1.5341773988387786
4 4 5.468322867085291
-6.112846317992329
3.4008657103436803
-4.673333986033246
-1.386880136833664
2.7016461956949023
