20 20
5 6 2 6 8 2 5 7 9 1 6 12 6 1 6 1 5 2 6 1
8 9 2 5 2 1 5 6 3 5 2 1 5 3 1 5 7 3 10 9
8 3 1 5 6 1 5 2 4 6 1 4 4 3 1 6 4 23 5 6
8 9 2 5 6 2 6 2 1 5 7 4 2 5 1 6 2 6 2 21
5 6 2 6 8 2 5 7 9 1 6 12 6 1 6 1 5 2 6 1
2 32 3 6 7 3 1 6 7 2 4 6 2 5 2 6 3 1 6 3
6 2 7 2 3 6 7 2 3 6 2 3 6 2 1 7 32 6 2 1
4 6 2 7 4 2 7 5 2 4 6 2 1 6 7 3 8 5 2 15
8 3 1 5 6 1 5 2 4 6 1 4 4 3 1 6 4 23 5 6
8 9 2 5 2 1 5 6 3 5 2 1 5 3 1 5 7 3 10 9
8 3 1 5 6 1 5 2 4 6 1 4 4 3 1 6 4 23 5 6
6 2 7 2 3 6 7 2 3 6 2 3 6 2 1 7 32 6 2 1
4 6 2 7 4 2 7 5 2 4 6 2 1 6 7 3 8 5 2 15
5 6 2 6 8 2 5 7 9 1 6 12 6 1 6 1 5 2 6 1
2 32 3 6 7 3 1 6 7 2 4 6 2 5 2 6 3 1 6 3
5 6 2 6 8 2 5 7 9 1 6 12 6 1 6 1 5 2 6 1
8 3 1 5 6 1 5 2 4 6 1 4 4 3 1 6 4 23 5 6
8 3 1 5 6 1 5 2 4 6 1 4 4 3 1 6 4 23 5 6
8 9 2 5 6 2 6 2 1 5 7 4 2 5 1 6 2 6 2 21
4 6 2 7 4 2 7 5 2 4 6 2 1 6 7 3 8 5 2 15